750843 750844 750845 750846 750847 750820 709587 - 0.0025 - 0.0006
662045 662046 662047 662048 662049 662050 662051 662052 662053 - 0.0100 - 0.0022
251357 251358 251359 - 0.0004 - 0.0001
315774 315775 315776 315777 315778 - 0.0012 - 0.0003
631020 631021 631022 631023 631024 631025 631026 631027 - 0.0085 - 0.0084
187739 187740 187741 187742 187743 187744 187745 187746 187747 - 0.0015 - 0.0004
806719 806720 806721 806722 806723 806724 806574 806575 - 0.0070 - 0.0015
85350 85336 85337 85338 85294 85339 85340 85341 - 0.0004 - 0.0002
222823 222824 222825 222826 222827 222828 222829 222830 222831 222832 - 0.0035 - 0.0008
490685 490686 490687 486517 - 0.0051 - 0.0014
850546 46161 46160 - 0.0005 - 0.0000
511188 511189 511190 511191 511192 511193 511194 - 0.0002 - 0.0002
292323 292324 292325 292326 292327 292328 292329 292330 292331 - 0.0034 - 0.0009
463311 463312 463313 463314 463315 463316 463317 463318 463319 463320 463321 - 0.0063 - 0.0023
131132 131133 131134 131135 131136 131137 131138 131139 131140 - 0.0018 - 0.0005
126061 126062 126063 126064 126065 126066 126067 126068 - 0.0025 - 0.0006
483311 483312 483313 483314 483315 483316 - 0.0046 - 0.0011
397873 397874 397875 397876 397877 397878 397879 397880 397881 397882 - 0.0011 - 0.0003
175668 175669 175670 175671 175672 175673 175674 175675 - 0.0014 - 0.0010
791519 791520 791521 791522 791523 791524 791525 791526 - 0.0039 - 0.0027
226082 226083 226084 226085 226086 226087 226088 - 0.0034 - 0.0009
497926 497927 497928 497929 497930 497931 - 0.0105 - 0.0026
703593 703594 703496 703495 - 0.0017 - 0.0009
359125 359126 - 0.0013 - 0.0003
89229 89230 89231 89232 89233 89234 89235 89236 89237 - 0.0006 - 0.0003
938103 938104 938105 938106 631041 810164 - 0.0009 - 0.0004
913133 913132 913131 913130 913129 913128 913127 913126 913125 137636 - 0.0007 - 0.0004
280098 280099 280100 280101 - 0.0013 - 0.0003
354238 354239 354240 206855 206856 206857 206858 - 0.0023 - 0.0006
345730 345731 345732 - 0.0018 - 0.0005
250403 228492 228493 228494 228495 228496 228497 228498 - 0.0060 - 0.0016
488389 488388 - 0.0008 - 0.0002
247410 247411 247412 247413 247414 247415 247416 247417 247418 247419 247420 - 0.0036 - 0.0010
780128 780127 780126 780125 780124 710953 780123 780122 780121 - 0.0003 - 0.0002
421839 421840 421841 421842 421843 421844 421845 421846 421847 - 0.0042 - 0.0009
427984 427985 427986 427987 427988 427989 427990 427991 427992 427993 - 0.0028 - 0.0008
704794 96527 96528 96529 96530 96531 96532 71006 96533 - 0.0010 - 0.0006
448245 448246 448247 448248 448249 - 0.0016 - 0.0004
113247 113248 113249 113041 113042 113043 - 0.0022 - 0.0005
87104 87105 87087 87088 87089 - 0.0072 - 0.0019
807793 807794 807795 807796 - 0.0027 - 0.0007
629237 629238 471116 629239 629240 629241 629242 629243 629244 - 0.0039 - 0.0039
5744 5745 5746 5747 5748 5749 5750 5751 5752 5753 - 0.0258 - 0.0258
264998 210047 210048 210049 210050 210051 - 0.0022 - 0.0004
72847 72848 72849 72850 72851 72852 72853 72854 - 0.0115 - 0.0029
425776 425777 425778 425779 425780 425781 - 0.0006 - 0.0002
206716 206717 206718 206719 206720 206721 206722 206723 - 0.0017 - 0.0004
267368 - 0.0000 - 0.0000
144065 144066 144067 144068 144069 144070 144071 144072 144073 144074 144075 - 0.0027 - 0.0020
555008 555009 555010 555011 555012 555013 555014 - 0.0006 - 0.0001
669215 669216 669217 669218 - 0.0029 - 0.0007
667783 667784 667785 667786 667787 667788 667789 603858 603859 - 0.0134 - 0.0094
492519 492520 492521 492522 492523 492524 - 0.0092 - 0.0025
234066 234067 234068 234069 234070 234071 234072 234073 222766 222767 - 0.0156 - 0.0038
165961 141238 - 0.0006 - 0.0001
119603 119130 120047 120048 119606 119607 - 0.0051 - 0.0016
658977 658978 658979 658980 658981 658982 658983 - 0.0029 - 0.0021
498190 498191 498192 498193 498194 502871 502872 502873 502874 502875 504551 - 0.0026 - 0.0019
626990 626987 626988 626989 604780 604781 604782 604657 604658 604659 604660 604661 - 0.0102 - 0.0014
297087 297086 - 0.0028 - 0.0007
109153 109154 109155 109156 109157 109158 109159 109160 109161 109162 - 0.0012 - 0.0003
249311 249312 249313 249314 249315 249316 - 0.0041 - 0.0010
283204 283205 283206 283207 283208 283209 283210 283211 - 0.0049 - 0.0013
691383 - 0.0000 - 0.0000
363495 - 0.0000 - 0.0000
360092 360093 360094 360095 - 0.0071 - 0.0018
608567 608524 547792 547793 547794 547795 547796 547797 547798 - 0.0035 - 0.0031
354800 354801 354802 354803 354804 354805 354806 354807 - 0.0027 - 0.0020
109390 109391 109392 109393 109394 109395 109396 109397 109398 109399 - 0.0010 - 0.0003
867586 867587 867588 867589 867590 867591 - 0.0038 - 0.0009
274019 274020 - 0.0000 - 0.0000
943885 943884 - 0.0011 - 0.0003
603466 603467 603468 603469 603470 603471 - 0.0015 - 0.0012
431661 431662 431663 431664 431665 431666 - 0.0003 - 0.0002
41458 41459 41460 41461 41462 41463 41464 41465 41466 41467 41468 - 0.0145 - 0.0103
281614 281615 281616 281617 281618 - 0.0038 - 0.0005
86865 86866 - 0.0000 - 0.0000
296035 296036 216975 216976 216977 216978 216979 216980 216981 216982 216983 - 0.0009 - 0.0001
384137 384138 384139 384140 384141 384142 384143 - 0.0011 - 0.0003
944714 944715 944716 944700 944701 944702 944703 944704 944705 - 0.0003 - 0.0002
475854 475855 - 0.0009 - 0.0002
84347 471685 471686 528478 528479 528480 528481 528474 - 0.0048 - 0.0015
75927 75928 75929 75930 75931 75932 75933 75934 75935 75936 - 0.0064 - 0.0017
920972 920973 920974 920975 920976 920977 736460 736461 736462 736463 736464 - 0.0085 - 0.0018
656280 656271 656272 - 0.0138 - 0.0028
601315 601316 601317 601318 601319 601320 601321 601322 601323 601324 - 0.0014 - 0.0003
211574 211573 - 0.0004 - 0.0001
722764 722765 722766 722767 722768 722769 722738 722739 722740 722741 - 0.0119 - 0.0030
873599 873600 873601 873602 873603 873604 - 0.0032 - 0.0032
530827 530828 530116 530117 530118 - 0.0099 - 0.0037
33074 33075 33076 33077 33078 33060 33061 - 0.0003 - 0.0002
370757 370756 - 0.0003 - 0.0000
930454 930455 930456 930457 930458 91905 91906 91907 - 0.0040 - 0.0029
586314 586313 - 0.0012 - 0.0003
397405 394666 - 0.0004 - 0.0001
880475 880476 880477 880478 812131 812132 812133 812099 - 0.0044 - 0.0011
166120 166121 166122 166123 166124 166125 166126 - 0.0014 - 0.0004
669614 669613 - 0.0022 - 0.0006
133738 133739 133740 133741 133742 133743 133744 133745 - 0.0007 - 0.0002
931458 931459 931460 563466 563460 563461 563462 563463 - 0.0247 - 0.0047
